40720610
40616323
40544433
40632510
40587141
40501321
40503713
40495743
40489090
40471557
40455621
40337982
40434761
40388916
40294395
40366680
40354045
40421736
40159390
40323617
40266580
40174237
40162642
40156829
40121537
40098564
40079944
40079940
40162643
40063041
40042839
39992668
39928308
39555827
39878993
39878968
39665585
39908052
39869330
39657981
39556016
39847361
39658862
39671272
39652885
39555820
39453837
39813042
39804681
39804674
39555823
39555814
39761054
39657224
39556379
39540799
39555826
39216096
39616603
39480221
39556768
39466640
39466903
39602173
39475399
39621340
39602290
39213194
